ChacoCanyon/output_srtm.asc
ncols        145
nrows        79
xllcorner    -107.974305555546
yllcorner    36.043749999997
cellsize     0.000277777778
NODATA_value -32768
[rows 38 to 75 of 79, columns 0 to 83 of 145]
1943 1932 1923 1910 1902 1894 1888 1887 1886 1884 1880 1878 1876 1875 1873 1871 1870 1870 1871 1871 1872 1873 1874 1878 1888 1901 1910 1915 1918 1915 1908 1902 1903 1903 1897 1890 1885 1880 1877 1875 1875 1876 1875 1873 1870 1869 1871 1875 1877 1879 1881 1881 1881 1880 1879 1879 1880 1879 1877 1876 1876 1877 1878 1879 1879 1878 1877 1876 1875 1876 1875 1873 1872 1872 1873 1873 1872 1872 1871 1872 1871 1871 1870 1870
1943 1932 1916 1905 1896 1887 1887 1887 1887 1885 1882 1879 1877 1875 1874 1873 1872 1872 1872 1871 1872 1873 1877 1885 1899 1911 1922 1927 1930 1930 1926 1923 1922 1921 1916 1907 1902 1892 1882 1878 1876 1877 1876 1875 1873 1872 1874 1876 1878 1880 1882 1882 1881 1878 1876 1876 1876 1877 1877 1875 1875 1876 1878 1881 1881 1884 1887 1890 1887 1885 1881 1877 1874 1873 1874 1874 1873 1872 1872 1873 1873 1873 1873 1873
1941 1927 1906 1897 1890 1887 1887 1888 1887 1884 1882 1878 1875 1873 1876 1876 1875 1874 1873 1874 1875 1878 1884 1898 1914 1924 1934 1937 1936 1935 1934 1932 1930 1928 1923 1916 1908 1899 1888 1882 1881 1881 1881 1880 1878 1877 1876 1876 1878 1880 1881 1881 1879 1877 1878 1877 1877 1878 1878 1877 1876 1877 1878 1882 1889 1896 1901 1904 1903 1898 1891 1884 1879 1877 1876 1874 1873 1872 1872 1873 1873 1874 1875 1874
1936 1921 1903 1896 1892 1890 1890 1889 1886 1884 1880 1877 1875 1876 1878 1880 1879 1876 1874 1874 1878 1885 1891 1904 1918 1931 1938 1941 1940 1939 1939 1938 1936 1934 1930 1924 1916 1902 1897 1894 1893 1893 1894 1890 1888 1885 1881 1879 1878 1880 1880 1879 1878 1878 1880 1880 1879 1879 1879 1879 1878 1879 1882 1887 1897 1906 1912 1913 1912 1907 1902 1892 1886 1880 1877 1876 1874 1873 1872 1873 1874 1874 1875 1875
1931 1919 1909 1897 1891 1892 1892 1889 1886 1883 1879 1876 1875 1876 1877 1878 1878 1875 1873 1875 1879 1884 1889 1898 1915 1932 1941 1944 1944 1944 1943 1941 1940 1938 1936 1932 1925 1918 1914 1915 1914 1911 1912 1906 1901 1893 1887 1882 1881 1881 1880 1879 1879 1882 1885 1885 1883 1882 1882 1880 1881 1882 1887 1895 1902 1913 1917 1918 1917 1912 1907 1901 1893 1885 1881 1878 1875 1872 1873 1874 1874 1874 1874 1876
1928 1917 1908 1898 1894 1892 1891 1888 1885 1882 1877 1876 1877 1876 1874 1874 1875 1874 1874 1875 1879 1882 1886 1895 1914 1932 1941 1946 1948 1946 1946 1945 1944 1941 1938 1934 1930 1926 1925 1925 1925 1920 1915 1911 1904 1896 1892 1889 1885 1884 1883 1882 1882 1885 1887 1888 1887 1886 1884 1883 1883 1887 1895 1902 1910 1917 1920 1921 1920 1918 1914 1909 1902 1895 1887 1880 1876 1876 1877 1878 1877 1875 1876 1878
1922 1911 1904 1899 1894 1893 1893 1889 1886 1881 1878 1877 1880 1880 1876 1873 1875 1875 1875 1877 1879 1884 1888 1894 1909 1928 1938 1944 1947 1948 1949 1948 1946 1943 1939 1935 1931 1928 1928 1929 1928 1923 1916 1908 1900 1895 1893 1890 1886 1884 1886 1886 1887 1887 1888 1890 1890 1887 1884 1882 1883 1887 1898 1907 1916 1923 1925 1926 1925 1923 1922 1918 1913 1904 1895 1887 1882 1881 1885 1884 1882 1882 1880 1881
1920 1907 1899 1895 1894 1896 1898 1895 1890 1887 1880 1879 1879 1880 1877 1876 1875 1875 1875 1877 1882 1886 1890 1896 1912 1926 1934 1941 1945 1948 1950 1949 1946 1943 1939 1935 1933 1931 1931 1930 1928 1921 1915 1906 1898 1894 1892 1890 1887 1887 1890 1890 1888 1887 1890 1892 1892 1887 1883 1882 1882 1886 1898 1909 1920 1927 1929 1929 1929 1929 1927 1923 1918 1910 1904 1897 1890 1890 1891 1892 1890 1887 1884 1881
1921 1909 1905 1908 1904 1904 1903 1896 1892 1888 1881 1875 1876 1878 1878 1877 1877 1876 1877 1880 1883 1887 1892 1898 1908 1923 1933 1941 1950 1955 1954 1951 1948 1944 1940 1936 1935 1934 1932 1930 1924 1919 1912 1904 1897 1894 1894 1894 1893 1896 1897 1894 1889 1890 1894 1894 1890 1885 1882 1882 1882 1888 1896 1908 1919 1926 1929 1931 1933 1933 1933 1928 1923 1918 1910 1906 1903 1902 1903 1901 1899 1892 1885 1881
1928 1921 1923 1922 1919 1917 1912 1906 1899 1890 1881 1876 1876 1878 1877 1877 1877 1879 1881 1883 1885 1887 1890 1897 1909 1924 1936 1946 1955 1958 1954 1952 1950 1947 1942 1938 1937 1936 1932 1929 1924 1919 1915 1907 1903 1905 1906 1904 1906 1906 1907 1902 1897 1897 1895 1892 1887 1884 1883 1883 1884 1890 1900 1911 1922 1926 1928 1931 1933 1934 1934 1932 1926 1920 1915 1911 1909 1910 1907 1905 1899 1892 1887 1883
1934 1931 1928 1926 1927 1924 1918 1913 1901 1891 1880 1877 1878 1877 1877 1877 1879 1881 1883 1884 1884 1885 1888 1891 1904 1924 1938 1947 1955 1958 1955 1953 1951 1947 1943 1941 1940 1939 1934 1929 1925 1920 1917 1916 1921 1923 1923 1921 1921 1915 1910 1906 1901 1897 1895 1889 1886 1886 1886 1885 1888 1894 1903 1914 1922 1927 1931 1932 1933 1933 1932 1931 1928 1925 1922 1917 1913 1909 1905 1899 1893 1890 1886 1883
1937 1933 1925 1922 1919 1918 1913 1906 1897 1886 1879 1874 1874 1875 1875 1876 1877 1879 1881 1882 1882 1882 1882 1886 1894 1914 1936 1949 1956 1957 1956 1953 1950 1947 1945 1943 1943 1942 1938 1931 1925 1922 1921 1924 1928 1930 1930 1928 1924 1918 1911 1908 1900 1896 1891 1886 1883 1883 1883 1886 1891 1902 1909 1916 1924 1931 1933 1934 1934 1932 1931 1929 1927 1926 1926 1923 1915 1911 1905 1896 1891 1887 1884 1882
1928 1921 1918 1915 1910 1905 1904 1899 1889 1884 1878 1873 1873 1873 1874 1875 1876 1877 1878 1880 1882 1881 1881 1885 1891 1911 1937 1949 1955 1956 1956 1953 1950 1949 1948 1947 1947 1946 1943 1937 1931 1928 1928 1929 1931 1933 1933 1930 1925 1920 1916 1912 1903 1893 1888 1885 1883 1883 1883 1884 1893 1901 1912 1921 1927 1932 1935 1935 1932 1930 1930 1929 1926 1926 1925 1922 1917 1913 1905 1897 1890 1888 1885 1883
1920 1912 1909 1907 1901 1897 1896 1891 1884 1883 1881 1877 1874 1874 1875 1876 1877 1878 1878 1878 1881 1882 1882 1885 1893 1906 1926 1942 1952 1957 1958 1955 1952 1951 1950 1951 1952 1951 1948 1944 1938 1934 1934 1935 1936 1937 1936 1934 1929 1922 1916 1910 1899 1890 1888 1889 1888 1887 1886 1885 1889 1897 1910 1920 1925 1931 1934 1934 1932 1931 1932 1930 1928 1926 1923 1919 1916 1914 1911 1904 1898 1889 1885 1886
1911 1901 1896 1895 1892 1890 1889 1885 1884 1883 1882 1878 1877 1877 1878 1878 1877 1879 1879 1880 1882 1884 1885 1888 1895 1902 1921 1940 1950 1956 1958 1958 1955 1953 1954 1955 1956 1955 1952 1948 1945 1942 1940 1939 1939 1939 1936 1933 1929 1922 1915 1906 1895 1889 1893 1894 1897 1894 1889 1887 1888 1896 1905 1918 1927 1931 1936 1935 1935 1935 1935 1933 1930 1927 1923 1919 1917 1917 1917 1914 1907 1900 1894 1890
1892 1888 1887 1887 1887 1885 1882 1882 1880 1880 1878 1877 1877 1878 1879 1879 1879 1882 1885 1886 1890 1891 1891 1890 1893 1902 1915 1931 1943 1954 1958 1960 1961 1959 1961 1961 1959 1958 1956 1955 1953 1951 1947 1943 1941 1939 1935 1933 1930 1926 1919 1908 1899 1897 1900 1905 1903 1899 1895 1891 1891 1897 1907 1917 1927 1934 1937 1939 1938 1937 1936 1933 1931 1928 1925 1921 1919 1920 1921 1921 1917 1913 1906 1900
1885 1884 1886 1887 1887 1885 1881 1880 1879 1879 1879 1877 1876 1877 1878 1880 1884 1888 1892 1896 1897 1897 1896 1896 1896 1905 1918 1932 1945 1951 1959 1962 1963 1964 1966 1966 1965 1963 1961 1960 1959 1957 1954 1949 1945 1941 1937 1937 1936 1932 1925 1915 1912 1909 1911 1914 1908 1901 1896 1892 1893 1897 1906 1917 1927 1935 1939 1938 1936 1934 1933 1933 1931 1928 1925 1923 1921 1922 1923 1924 1924 1920 1917 1913
1887 1886 1886 1885 1885 1885 1882 1880 1880 1880 1880 1878 1879 1881 1882 1884 1890 1898 1905 1909 1907 1905 1907 1908 1913 1922 1931 1940 1945 1952 1957 1962 1965 1967 1968 1971 1970 1967 1964 1963 1963 1963 1960 1955 1949 1946 1943 1941 1938 1935 1928 1922 1923 1927 1925 1920 1910 1902 1897 1893 1893 1896 1906 1918 1930 1938 1940 1939 1936 1935 1935 1934 1933 1930 1929 1928 1927 1927 1928 1928 1927 1927 1923 1922
1894 1892 1889 1884 1883 1883 1882 1882 1881 1880 1881 1882 1882 1887 1887 1890 1898 1909 1916 1920 1922 1923 1923 1927 1932 1941 1946 1949 1950 1953 1958 1963 1968 1970 1974 1974 1974 1973 1969 1966 1966 1966 1964 1960 1955 1953 1948 1944 1940 1937 1932 1926 1928 1931 1929 1921 1914 1903 1897 1893 1894 1896 1905 1918 1932 1938 1941 1941 1940 1939 1938 1936 1935 1934 1932 1932 1931 1932 1933 1931 1931 1930 1928 1926
1897 1894 1892 1886 1883 1883 1883 1883 1883 1882 1883 1884 1885 1887 1889 1895 1904 1914 1922 1928 1932 1936 1938 1943 1946 1952 1956 1960 1962 1964 1965 1967 1972 1975 1978 1980 1980 1978 1976 1975 1973 1970 1970 1966 1961 1957 1954 1949 1946 1943 1939 1932 1932 1934 1934 1930 1921 1912 1902 1895 1893 1897 1909 1923 1931 1936 1938 1942 1943 1942 1939 1937 1936 1936 1935 1935 1935 1935 1935 1933 1933 1932 1929 1929
1896 1893 1890 1886 1883 1882 1883 1883 1883 1884 1884 1884 1883 1885 1890 1898 1908 1918 1925 1930 1936 1939 1944 1948 1954 1957 1961 1963 1967 1969 1969 1971 1974 1977 1980 1983 1985 1984 1983 1983 1983 1981 1977 1972 1966 1961 1959 1958 1953 1951 1948 1946 1945 1944 1939 1933 1922 1913 1904 1895 1892 1897 1911 1923 1932 1936 1942 1945 1945 1944 1940 1938 1937 1938 1938 1937 1936 1936 1936 1934 1933 1933 1932 1932
1893 1891 1887 1884 1881 1881 1883 1883 1883 1884 1885 1884 1885 1887 1892 1900 1910 1917 1921 1924 1930 1936 1942 1946 1950 1955 1959 1963 1967 1971 1972 1972 1973 1976 1978 1983 1985 1985 1986 1986 1987 1985 1983 1978 1974 1970 1969 1967 1963 1961 1959 1956 1952 1947 1941 1931 1921 1908 1900 1894 1894 1900 1914 1928 1934 1943 1948 1948 1947 1944 1943 1940 1939 1939 1939 1939 1939 1938 1936 1935 1934 1934 1934 1935
1895 1890 1886 1883 1882 1881 1883 1883 1882 1883 1883 1884 1886 1889 1892 1897 1904 1911 1913 1916 1922 1929 1936 1943 1946 1951 1957 1962 1967 1971 1969 1969 1972 1975 1978 1980 1983 1983 1983 1985 1987 1986 1986 1986 1984 1979 1978 1976 1972 1967 1964 1960 1954 1947 1938 1931 1918 1906 1899 1895 1897 1907 1922 1932 1942 1950 1952 1950 1948 1946 1944 1943 1942 1943 1944 1945 1944 1941 1937 1936 1935 1935 1935 1935
1893 1887 1885 1884 1884 1883 1884 1883 1883 1882 1882 1883 1885 1888 1890 1892 1897 1902 1905 1909 1914 1920 1929 1937 1942 1947 1953 1959 1964 1967 1968 1968 1971 1975 1977 1980 1981 1981 1981 1984 1987 1989 1990 1992 1990 1985 1984 1983 1978 1973 1969 1963 1956 1948 1939 1930 1923 1907 1900 1898 1900 1912 1924 1938 1949 1953 1953 1952 1951 1949 1948 1947 1948 1948 1948 1949 1948 1943 1939 1937 1937 1937 1937 1938
1886 1884 1883 1883 1884 1885 1884 1884 1883 1882 1883 1885 1888 1890 1892 1894 1895 1895 1898 1902 1907 1914 1919 1926 1934 1939 1943 1949 1956 1961 1964 1968 1971 1973 1975 1978 1979 1978 1979 1983 1986 1989 1991 1994 1992 1989 1987 1985 1981 1976 1971 1967 1960 1952 1944 1935 1924 1911 1901 1900 1903 1919 1935 1949 1956 1958 1954 1952 1950 1950 1952 1953 1954 1952 1950 1950 1948 1945 1941 1941 1941 1940 1941 1943
1885 1884 1883 1884 1885 1885 1885 1884 1884 1885 1886 1887 1891 1893 1894 1894 1893 1894 1895 1898 1904 1909 1914 1920 1924 1928 1931 1934 1941 1947 1954 1960 1964 1968 1971 1973 1974 1974 1978 1982 1986 1989 1992 1994 1995 1994 1992 1988 1982 1977 1971 1968 1963 1957 1949 1938 1926 1914 1908 1908 1914 1925 1940 1952 1959 1961 1959 1954 1952 1953 1954 1956 1956 1954 1952 1951 1949 1947 1944 1944 1942 1943 1945 1946
1888 1884 1884 1884 1885 1885 1884 1885 1886 1888 1888 1889 1891 1892 1892 1892 1891 1890 1892 1896 1901 1906 1911 1914 1916 1918 1921 1923 1926 1934 1943 1950 1958 1963 1967 1971 1972 1974 1979 1983 1986 1990 1992 1994 1996 1996 1995 1989 1982 1977 1973 1970 1965 1960 1955 1946 1937 1929 1920 1921 1922 1929 1940 1952 1960 1963 1962 1959 1957 1958 1959 1960 1959 1957 1954 1951 1949 1947 1946 1947 1946 1946 1948 1949
1887 1885 1884 1885 1885 1885 1884 1884 1886 1888 1889 1889 1891 1891 1890 1891 1891 1889 1890 1894 1899 1904 1907 1907 1906 1908 1911 1911 1913 1921 1935 1944 1951 1959 1965 1969 1972 1974 1978 1982 1985 1989 1992 1993 1994 1994 1992 1987 1980 1976 1974 1971 1967 1963 1958 1954 1950 1943 1936 1932 1930 1935 1944 1954 1961 1966 1967 1964 1963 1963 1965 1965 1963 1960 1957 1953 1951 1951 1952 1952 1951 1951 1951 1954
1885 1883 1884 1885 1884 1884 1883 1883 1884 1886 1886 1888 1890 1891 1890 1891 1892 1891 1891 1894 1897 1900 1904 1903 1902 1903 1903 1903 1904 1912 1923 1937 1949 1956 1962 1967 1971 1974 1976 1980 1982 1985 1989 1991 1993 1993 1990 1984 1980 1976 1974 1972 1969 1967 1962 1958 1955 1950 1946 1943 1941 1941 1949 1956 1962 1968 1970 1970 1969 1970 1970 1969 1966 1963 1960 1958 1956 1956 1955 1955 1954 1954 1956 1957
1882 1882 1884 1885 1885 1884 1884 1883 1884 1884 1884 1885 1889 1892 1890 1891 1891 1890 1891 1894 1897 1901 1901 1901 1899 1899 1899 1899 1902 1908 1920 1934 1946 1953 1959 1965 1969 1972 1975 1977 1979 1982 1985 1988 1989 1991 1989 1986 1981 1978 1976 1974 1972 1969 1967 1963 1960 1956 1953 1951 1948 1948 1953 1958 1962 1968 1973 1976 1976 1975 1973 1971 1968 1965 1963 1960 1959 1959 1958 1957 1956 1955 1956 1956
1882 1883 1884 1884 1884 1884 1885 1885 1884 1884 1883 1883 1887 1890 1892 1891 1890 1889 1890 1892 1896 1898 1899 1898 1897 1897 1896 1897 1899 1906 1918 1931 1943 1951 1956 1960 1964 1968 1971 1974 1977 1981 1983 1984 1985 1987 1988 1985 1983 1980 1977 1974 1972 1972 1968 1966 1962 1958 1957 1956 1953 1952 1954 1957 1962 1967 1972 1977 1978 1977 1975 1974 1972 1969 1965 1963 1963 1964 1962 1962 1960 1958 1956 1954
1885 1884 1883 1883 1883 1884 1885 1885 1885 1885 1884 1885 1888 1891 1892 1892 1890 1889 1890 1892 1894 1896 1897 1898 1898 1896 1895 1896 1899 1907 1917 1928 1937 1944 1950 1953 1957 1961 1964 1967 1973 1976 1978 1977 1978 1982 1984 1984 1984 1980 1977 1975 1974 1973 1971 1968 1965 1962 1960 1959 1956 1955 1956 1958 1961 1966 1970 1975 1979 1981 1980 1979 1977 1973 1970 1969 1969 1967 1966 1965 1965 1963 1960 1955
1886 1885 1884 1883 1884 1885 1886 1887 1887 1887 1886 1888 1890 1892 1894 1893 1891 1890 1891 1894 1895 1896 1896 1897 1897 1896 1895 1895 1899 1906 1913 1920 1925 1932 1938 1941 1944 1949 1952 1955 1962 1967 1970 1972 1974 1979 1982 1983 1982 1981 1979 1977 1976 1974 1972 1970 1969 1968 1967 1964 1960 1958 1958 1961 1963 1966 1970 1976 1981 1983 1983 1982 1979 1975 1972 1971 1971 1971 1970 1968 1965 1964 1959 1955
1886 1885 1885 1886 1887 1887 1887 1887 1889 1890 1889 1888 1890 1893 1894 1893 1890 1890 1893 1895 1895 1895 1895 1894 1895 1895 1894 1895 1897 1903 1909 1914 1917 1919 1924 1928 1932 1934 1936 1943 1949 1955 1962 1967 1972 1977 1979 1981 1981 1981 1979 1979 1978 1976 1974 1973 1972 1972 1972 1970 1965 1960 1960 1960 1963 1967 1973 1979 1983 1986 1987 1985 1981 1976 1973 1972 1972 1974 1973 1969 1966 1963 1958 1953
1885 1884 1886 1889 1890 1888 1886 1886 1889 1892 1892 1890 1891 1893 1894 1893 1892 1893 1895 1895 1895 1894 1894 1894 1894 1894 1894 1894 1896 1900 1904 1908 1910 1911 1914 1915 1918 1921 1924 1930 1939 1946 1954 1966 1971 1976 1980 1982 1983 1982 1981 1980 1980 1979 1978 1977 1975 1973 1974 1974 1968 1963 1962 1962 1964 1969 1976 1981 1985 1987 1988 1986 1982 1979 1976 1976 1976 1977 1975 1969 1965 1961 1957 1951
1884 1881 1884 1888 1889 1887 1885 1887 1890 1894 1895 1894 1894 1894 1894 1896 1896 1896 1898 1898 1896 1894 1894 1894 1894 1894 1894 1895 1897 1899 1901 1903 1905 1904 1905 1905 1907 1907 1912 1919 1929 1938 1950 1962 1971 1977 1981 1983 1984 1985 1983 1983 1983 1982 1980 1980 1978 1976 1975 1975 1971 1967 1965 1965 1969 1974 1976 1980 1983 1986 1988 1987 1985 1984 1983 1980 1981 1979 1974 1968 1963 1959 1953 1946
1882 1881 1885 1886 1886 1884 1884 1887 1892 1895 1896 1896 1896 1897 1898 1898 1899 1900 1901 1900 1898 1898 1898 1897 1897 1898 1897 1897 1898 1899 1899 1901 1901 1902 1901 1902 1903 1903 1903 1909 1918 1930 1947 1962 1971 1976 1979 1982 1984 1985 1985 1985 1985 1983 1982 1983 1981 1979 1977 1975 1973 1970 1971 1973 1975 1976 1977 1978 1984 1988 1991 1989 1987 1986 1985 1983 1982 1980 1974 1967 1961 1957 1951 1945
1885 1884 1886 1887 1885 1884 1885 1888 1890 1893 1896 1897 1898 1900 1900 1900 1902 1905 1906 1906 1904 1906 1908 1904 1900 1899 1898 1897 1897 1898 1899 1900 1901 1903 1902 1901 1903 1903 1905 1909 1917 1931 1947 1959 1969 1974 1979 1982 1985 1985 1986 1987 1987 1987 1988 1989 1987 1984 1980 1978 1975 1974 1975 1977 1976 1975 1977 1982 1988 1992 1993 1993 1995 1992 1989 1984 1983 1979 1971 1964 1959 1955 1949 1944
