ChacoCanyon/output_srtm.asc
ncols        145
nrows        79
xllcorner    -107.974305555546
yllcorner    36.043749999997
cellsize     0.000277777778
NODATA_value -32768
[rows 0 to 37 of 79, columns 0 to 83 of 145]
1863 1862 1863 1863 1863 1863 1862 1863 1864 1864 1867 1870 1874 1878 1879 1882 1886 1892 1898 1901 1902 1902 1901 1902 1902 1900 1898 1895 1899 1903 1905 1908 1910 1913 1916 1920 1922 1923 1922 1921 1919 1917 1916 1917 1919 1922 1923 1923 1926 1929 1930 1929 1928 1927 1927 1925 1923 1924 1927 1930 1933 1935 1938 1941 1943 1947 1952 1950 1945 1942 1939 1936 1931 1926 1921 1919 1920 1923 1927 1929 1932 1933 1933 1930
1864 1863 1864 1864 1864 1863 1863 1862 1862 1862 1864 1864 1866 1868 1871 1874 1878 1883 1886 1887 1888 1888 1886 1886 1890 1892 1891 1892 1897 1905 1908 1909 1911 1913 1916 1919 1921 1921 1919 1918 1916 1915 1913 1914 1916 1919 1921 1922 1926 1930 1930 1928 1927 1926 1925 1923 1922 1923 1927 1930 1931 1934 1936 1938 1940 1944 1949 1950 1946 1941 1938 1933 1927 1922 1919 1918 1919 1921 1923 1923 1924 1926 1927 1927
1865 1865 1865 1865 1865 1865 1865 1863 1862 1863 1864 1863 1862 1865 1867 1869 1872 1874 1877 1879 1881 1883 1879 1877 1880 1884 1888 1891 1898 1905 1909 1910 1913 1915 1916 1917 1918 1918 1917 1915 1913 1912 1912 1912 1915 1918 1920 1922 1927 1929 1929 1926 1926 1925 1923 1922 1922 1923 1925 1927 1929 1931 1933 1937 1939 1943 1949 1948 1944 1940 1935 1929 1925 1922 1919 1918 1917 1918 1918 1918 1919 1920 1922 1923
1867 1867 1866 1867 1867 1866 1865 1864 1863 1863 1864 1862 1862 1863 1865 1866 1867 1869 1870 1870 1875 1875 1874 1872 1874 1877 1880 1884 1888 1898 1907 1911 1913 1915 1914 1914 1915 1915 1913 1911 1911 1911 1912 1914 1917 1919 1921 1923 1925 1927 1927 1926 1925 1924 1923 1922 1922 1922 1922 1923 1926 1928 1934 1937 1941 1945 1947 1947 1944 1940 1935 1929 1925 1921 1920 1919 1918 1916 1915 1915 1916 1917 1919 1919
1869 1868 1868 1867 1867 1866 1865 1863 1862 1863 1864 1863 1863 1863 1863 1865 1867 1867 1867 1867 1867 1869 1868 1868 1870 1872 1874 1876 1883 1890 1897 1903 1908 1910 1911 1910 1910 1910 1909 1909 1910 1913 1914 1917 1918 1921 1923 1924 1925 1925 1924 1923 1922 1921 1920 1921 1921 1921 1922 1924 1927 1931 1935 1938 1941 1943 1944 1943 1942 1939 1935 1931 1925 1922 1919 1918 1917 1914 1912 1911 1911 1912 1913 1913
1868 1868 1867 1867 1866 1866 1865 1864 1863 1864 1865 1864 1864 1863 1863 1864 1865 1866 1866 1866 1867 1868 1868 1868 1869 1870 1870 1874 1879 1884 1889 1895 1900 1903 1904 1905 1905 1905 1905 1907 1911 1914 1917 1918 1920 1922 1924 1925 1925 1925 1924 1922 1920 1919 1918 1918 1919 1922 1924 1927 1930 1932 1934 1937 1939 1940 1938 1936 1935 1934 1932 1929 1925 1921 1918 1916 1914 1911 1909 1908 1907 1907 1907 1906
1867 1868 1867 1867 1867 1867 1867 1866 1866 1866 1866 1865 1864 1864 1864 1864 1864 1865 1865 1866 1867 1868 1868 1867 1868 1869 1869 1871 1873 1876 1880 1885 1886 1888 1892 1897 1899 1901 1903 1907 1913 1916 1918 1919 1920 1921 1924 1924 1925 1924 1923 1921 1919 1918 1916 1917 1919 1922 1924 1927 1930 1930 1932 1933 1935 1935 1933 1929 1929 1928 1929 1929 1925 1921 1916 1913 1911 1909 1908 1907 1904 1903 1903 1902
1866 1865 1865 1866 1868 1868 1867 1867 1868 1868 1866 1865 1865 1865 1865 1865 1864 1864 1864 1865 1866 1866 1866 1866 1867 1868 1868 1868 1868 1868 1871 1874 1877 1878 1881 1886 1893 1899 1906 1911 1915 1917 1919 1920 1921 1923 1923 1923 1922 1921 1920 1919 1918 1917 1916 1918 1920 1922 1924 1927 1929 1929 1929 1930 1929 1928 1927 1926 1926 1927 1927 1927 1925 1919 1915 1913 1909 1907 1906 1903 1899 1898 1899 1900
1865 1864 1864 1866 1868 1867 1867 1866 1868 1868 1866 1865 1866 1866 1867 1866 1866 1865 1864 1864 1864 1864 1864 1865 1866 1867 1867 1868 1867 1868 1869 1871 1873 1873 1875 1879 1884 1894 1904 1911 1915 1917 1920 1922 1922 1922 1922 1921 1920 1918 1917 1917 1917 1917 1918 1919 1920 1923 1925 1927 1929 1929 1929 1928 1926 1926 1926 1925 1924 1923 1923 1924 1922 1917 1916 1913 1909 1906 1904 1899 1893 1893 1894 1896
1866 1865 1865 1866 1868 1868 1866 1866 1867 1868 1867 1866 1867 1867 1867 1867 1867 1865 1864 1863 1863 1863 1864 1865 1866 1867 1868 1869 1868 1867 1867 1868 1868 1870 1872 1875 1880 1886 1896 1905 1910 1914 1918 1920 1920 1919 1918 1916 1916 1916 1916 1917 1918 1918 1919 1920 1921 1923 1925 1927 1927 1927 1927 1927 1926 1926 1925 1923 1921 1921 1921 1921 1919 1917 1916 1915 1911 1905 1901 1896 1891 1889 1888 1892
1867 1867 1867 1867 1868 1868 1867 1867 1868 1868 1868 1868 1868 1867 1866 1866 1866 1865 1865 1864 1863 1863 1863 1864 1865 1866 1867 1868 1867 1867 1867 1867 1868 1870 1873 1877 1879 1882 1888 1896 1903 1908 1913 1916 1916 1914 1913 1912 1912 1913 1916 1918 1920 1922 1922 1922 1923 1923 1924 1925 1924 1923 1923 1923 1923 1922 1921 1920 1919 1919 1920 1920 1918 1917 1916 1915 1908 1900 1897 1894 1889 1885 1889 1894
1866 1866 1867 1867 1867 1868 1867 1869 1870 1870 1869 1868 1867 1866 1867 1867 1867 1867 1867 1867 1865 1864 1864 1863 1863 1864 1865 1866 1866 1867 1867 1869 1870 1870 1872 1875 1875 1875 1880 1885 1894 1902 1906 1910 1911 1910 1908 1909 1909 1912 1915 1919 1922 1924 1924 1924 1924 1923 1922 1922 1921 1921 1920 1921 1920 1920 1919 1918 1917 1917 1918 1918 1917 1916 1915 1911 1904 1896 1893 1889 1885 1885 1888 1893
1866 1866 1866 1866 1866 1866 1866 1868 1870 1871 1869 1868 1867 1867 1868 1868 1867 1868 1868 1868 1867 1865 1865 1863 1863 1863 1863 1863 1863 1865 1867 1869 1869 1868 1869 1870 1871 1872 1873 1877 1882 1888 1897 1901 1902 1902 1903 1905 1909 1913 1917 1920 1921 1924 1923 1923 1923 1921 1921 1920 1918 1918 1918 1918 1918 1918 1918 1917 1916 1915 1916 1915 1915 1915 1910 1904 1897 1890 1885 1884 1882 1882 1884 1889
1866 1866 1867 1867 1867 1866 1867 1868 1870 1870 1869 1867 1867 1867 1868 1867 1867 1867 1868 1868 1868 1866 1865 1864 1863 1863 1863 1862 1862 1863 1866 1867 1868 1867 1867 1868 1869 1871 1872 1873 1874 1880 1886 1892 1896 1898 1901 1904 1910 1914 1917 1918 1920 1921 1921 1920 1919 1919 1917 1915 1914 1914 1915 1914 1914 1914 1917 1917 1914 1913 1912 1912 1912 1910 1902 1894 1888 1885 1882 1880 1879 1881 1885 1893
1867 1868 1868 1869 1869 1868 1868 1869 1868 1869 1868 1866 1866 1867 1867 1867 1867 1866 1866 1867 1867 1867 1866 1866 1866 1866 1864 1863 1862 1863 1865 1868 1869 1868 1867 1868 1869 1870 1870 1871 1873 1875 1878 1884 1889 1894 1894 1899 1905 1910 1912 1915 1916 1917 1916 1916 1916 1914 1913 1910 1909 1910 1911 1910 1909 1912 1914 1913 1910 1908 1907 1906 1904 1901 1894 1887 1885 1882 1880 1878 1881 1887 1895 1901
1869 1869 1870 1869 1869 1869 1870 1869 1868 1868 1868 1868 1867 1868 1868 1868 1867 1867 1866 1866 1866 1866 1868 1869 1870 1868 1866 1864 1863 1864 1867 1870 1871 1870 1869 1869 1870 1870 1870 1871 1872 1872 1873 1876 1882 1883 1883 1886 1891 1896 1901 1904 1908 1910 1909 1909 1907 1905 1903 1901 1901 1901 1902 1902 1904 1907 1909 1908 1905 1902 1898 1897 1895 1890 1887 1884 1882 1881 1879 1880 1886 1895 1903 1909
1869 1870 1869 1869 1869 1869 1870 1869 1869 1869 1870 1869 1869 1868 1869 1868 1868 1868 1867 1867 1867 1867 1868 1869 1869 1868 1867 1865 1864 1865 1868 1870 1871 1870 1870 1869 1870 1870 1870 1870 1870 1871 1871 1874 1875 1877 1878 1881 1885 1888 1891 1893 1897 1899 1897 1895 1893 1892 1891 1891 1889 1887 1888 1891 1896 1898 1898 1897 1896 1894 1891 1890 1888 1885 1882 1880 1879 1878 1878 1882 1888 1898 1906 1911
1872 1871 1870 1869 1869 1870 1870 1871 1871 1870 1871 1870 1869 1869 1869 1869 1869 1869 1869 1869 1868 1868 1869 1869 1868 1867 1866 1865 1864 1864 1866 1868 1870 1870 1869 1869 1870 1870 1870 1870 1870 1870 1872 1873 1874 1875 1876 1878 1880 1881 1881 1882 1883 1884 1884 1885 1885 1884 1883 1881 1879 1877 1879 1883 1887 1887 1886 1887 1888 1887 1886 1883 1881 1880 1878 1877 1878 1877 1877 1880 1890 1900 1906 1910
1874 1873 1871 1869 1869 1869 1871 1872 1872 1871 1870 1869 1869 1868 1868 1868 1868 1868 1869 1869 1869 1869 1868 1868 1867 1866 1865 1865 1864 1864 1865 1867 1867 1868 1868 1868 1869 1869 1869 1870 1869 1870 1872 1873 1873 1872 1873 1875 1876 1875 1874 1873 1873 1874 1875 1876 1878 1877 1875 1873 1873 1873 1873 1877 1878 1879 1880 1881 1882 1883 1881 1879 1877 1877 1877 1878 1879 1878 1877 1882 1891 1900 1906 1908
1878 1875 1872 1869 1868 1869 1871 1872 1871 1870 1868 1868 1867 1867 1868 1868 1868 1867 1868 1869 1869 1868 1867 1868 1868 1866 1865 1864 1864 1864 1864 1864 1865 1865 1866 1867 1868 1868 1868 1868 1869 1870 1872 1872 1871 1870 1871 1873 1873 1872 1871 1871 1869 1869 1869 1869 1871 1872 1873 1872 1871 1870 1871 1870 1870 1873 1875 1878 1878 1878 1878 1876 1875 1876 1876 1877 1878 1877 1878 1882 1889 1896 1901 1902
1879 1875 1872 1869 1869 1872 1872 1871 1870 1870 1868 1867 1867 1867 1868 1868 1868 1867 1868 1869 1870 1870 1870 1870 1869 1868 1866 1865 1864 1864 1864 1864 1864 1864 1865 1867 1868 1868 1867 1868 1869 1870 1870 1870 1870 1870 1871 1871 1872 1871 1871 1871 1870 1869 1868 1868 1868 1870 1872 1872 1871 1871 1869 1868 1868 1870 1873 1875 1876 1877 1876 1875 1875 1874 1875 1875 1876 1876 1878 1881 1885 1890 1891 1893
1879 1875 1872 1868 1870 1874 1875 1873 1871 1871 1870 1869 1869 1869 1869 1869 1868 1868 1869 1870 1871 1872 1872 1871 1870 1868 1867 1866 1865 1865 1865 1865 1864 1864 1865 1867 1868 1868 1868 1868 1868 1869 1869 1869 1870 1870 1870 1870 1870 1871 1871 1871 1870 1869 1868 1868 1868 1869 1870 1872 1872 1871 1871 1870 1870 1871 1872 1873 1874 1874 1874 1873 1873 1873 1874 1875 1876 1876 1877 1878 1880 1883 1886 1887
1877 1875 1873 1872 1875 1878 1878 1875 1874 1874 1872 1872 1872 1871 1869 1868 1868 1869 1870 1871 1871 1871 1871 1871 1869 1868 1867 1866 1865 1866 1866 1865 1864 1864 1865 1867 1869 1869 1869 1868 1868 1869 1869 1869 1869 1869 1869 1869 1870 1870 1871 1870 1870 1870 1869 1868 1869 1870 1870 1871 1871 1871 1871 1871 1871 1871 1871 1871 1871 1871 1872 1872 1872 1873 1874 1875 1876 1876 1875 1875 1876 1878 1880 1882
1875 1875 1877 1881 1880 1879 1878 1875 1874 1873 1873 1873 1874 1873 1871 1869 1869 1870 1873 1873 1871 1870 1870 1870 1869 1867 1867 1866 1866 1867 1867 1866 1865 1865 1866 1867 1868 1868 1868 1867 1866 1868 1869 1869 1868 1869 1869 1869 1869 1870 1871 1871 1871 1871 1871 1870 1871 1871 1872 1872 1872 1872 1871 1870 1870 1870 1870 1871 1872 1872 1873 1873 1874 1874 1874 1874 1874 1874 1874 1874 1874 1875 1875 1877
1877 1879 1882 1886 1888 1884 1881 1877 1876 1874 1872 1874 1875 1874 1873 1872 1872 1872 1873 1871 1869 1868 1869 1869 1868 1867 1867 1867 1867 1868 1868 1868 1866 1865 1866 1866 1866 1866 1866 1865 1865 1867 1868 1868 1867 1867 1868 1868 1869 1869 1870 1870 1871 1871 1871 1871 1871 1872 1872 1873 1873 1872 1870 1869 1869 1870 1871 1872 1872 1872 1872 1873 1873 1873 1873 1872 1871 1872 1873 1873 1874 1874 1875 1876
1879 1885 1889 1894 1896 1895 1889 1883 1879 1877 1875 1875 1877 1876 1875 1874 1873 1872 1871 1868 1866 1866 1868 1868 1868 1868 1867 1867 1868 1869 1870 1868 1867 1866 1866 1866 1865 1866 1865 1864 1863 1864 1865 1866 1866 1866 1866 1867 1868 1868 1869 1870 1870 1870 1871 1871 1871 1871 1871 1871 1870 1870 1869 1868 1869 1871 1872 1873 1871 1870 1871 1872 1872 1872 1872 1871 1871 1871 1872 1872 1873 1874 1874 1873
1889 1898 1903 1907 1911 1905 1896 1888 1883 1880 1878 1878 1878 1877 1876 1876 1875 1874 1870 1867 1865 1866 1868 1869 1869 1868 1868 1868 1869 1870 1870 1869 1868 1868 1868 1869 1868 1867 1866 1864 1862 1862 1864 1865 1866 1866 1865 1866 1867 1867 1868 1868 1868 1868 1869 1870 1871 1871 1871 1870 1869 1868 1868 1868 1869 1871 1873 1873 1872 1871 1870 1871 1870 1871 1871 1871 1871 1872 1872 1872 1872 1873 1873 1872
1909 1919 1922 1920 1916 1908 1896 1888 1882 1879 1880 1880 1879 1878 1878 1879 1879 1876 1872 1869 1867 1867 1868 1868 1868 1868 1868 1868 1868 1869 1870 1871 1871 1870 1871 1871 1870 1869 1866 1864 1864 1864 1865 1866 1866 1866 1866 1866 1866 1867 1866 1866 1866 1867 1867 1869 1870 1869 1869 1869 1868 1868 1868 1868 1868 1870 1872 1873 1872 1871 1870 1870 1871 1871 1871 1872 1873 1874 1874 1873 1872 1872 1872 1872
1924 1932 1930 1922 1917 1904 1895 1888 1885 1882 1886 1887 1884 1880 1878 1878 1876 1875 1872 1870 1869 1868 1867 1867 1866 1867 1868 1868 1868 1869 1871 1873 1873 1872 1871 1870 1870 1868 1867 1866 1867 1868 1867 1867 1867 1867 1868 1867 1867 1867 1866 1866 1866 1866 1867 1867 1867 1866 1866 1867 1867 1867 1867 1866 1866 1867 1869 1870 1870 1870 1870 1870 1870 1871 1872 1872 1873 1873 1873 1872 1871 1871 1872 1872
1931 1931 1929 1923 1916 1905 1899 1898 1900 1903 1900 1896 1890 1884 1880 1876 1874 1873 1872 1870 1869 1868 1868 1868 1867 1867 1869 1869 1869 1870 1872 1872 1872 1870 1869 1868 1868 1868 1868 1868 1869 1869 1869 1868 1869 1869 1869 1868 1868 1868 1868 1868 1867 1867 1867 1866 1865 1865 1866 1867 1867 1867 1866 1866 1865 1866 1868 1868 1869 1869 1870 1871 1870 1870 1871 1872 1872 1871 1870 1870 1872 1872 1872 1873
1933 1931 1930 1923 1915 1910 1910 1915 1914 1914 1910 1900 1893 1888 1881 1877 1875 1875 1873 1871 1869 1868 1869 1869 1868 1869 1871 1871 1870 1870 1870 1869 1870 1870 1869 1868 1868 1868 1868 1868 1869 1869 1870 1872 1872 1871 1870 1869 1869 1870 1870 1870 1870 1870 1868 1867 1866 1867 1869 1869 1869 1868 1867 1867 1867 1868 1869 1868 1867 1868 1870 1870 1870 1869 1869 1870 1871 1870 1869 1870 1871 1872 1872 1872
1933 1931 1929 1925 1917 1911 1913 1917 1917 1915 1910 1900 1893 1889 1883 1879 1876 1874 1872 1870 1868 1869 1869 1868 1868 1870 1871 1872 1871 1871 1869 1868 1869 1871 1870 1869 1869 1869 1868 1868 1869 1869 1870 1872 1873 1872 1871 1870 1870 1870 1870 1870 1871 1872 1871 1870 1870 1870 1870 1871 1871 1871 1870 1870 1870 1870 1870 1868 1867 1867 1868 1868 1868 1868 1868 1869 1870 1869 1868 1868 1869 1869 1868 1869
1936 1934 1933 1929 1923 1916 1916 1915 1912 1908 1903 1895 1891 1887 1882 1878 1874 1872 1870 1869 1870 1871 1870 1869 1869 1871 1872 1873 1874 1873 1872 1870 1870 1871 1870 1869 1869 1870 1869 1869 1870 1871 1872 1873 1874 1873 1871 1870 1869 1869 1870 1871 1871 1873 1873 1871 1871 1871 1870 1870 1870 1871 1871 1871 1872 1872 1870 1869 1868 1867 1867 1867 1867 1868 1868 1868 1869 1868 1867 1868 1867 1867 1867 1867
1939 1937 1935 1931 1926 1920 1917 1913 1904 1900 1892 1886 1885 1881 1878 1877 1874 1872 1871 1872 1873 1873 1872 1871 1872 1873 1874 1875 1876 1876 1874 1872 1871 1870 1870 1870 1870 1870 1870 1870 1872 1873 1873 1873 1873 1872 1871 1870 1869 1868 1869 1869 1869 1871 1871 1872 1872 1872 1871 1870 1869 1870 1871 1872 1872 1873 1872 1871 1870 1869 1867 1866 1867 1867 1868 1868 1869 1868 1868 1867 1868 1868 1868 1868
1944 1940 1937 1936 1929 1923 1914 1904 1897 1893 1888 1883 1882 1879 1877 1875 1875 1873 1872 1873 1874 1874 1872 1873 1873 1875 1877 1878 1877 1875 1874 1872 1871 1870 1871 1871 1871 1871 1870 1871 1872 1873 1873 1871 1870 1870 1869 1869 1868 1867 1868 1868 1868 1869 1870 1871 1872 1872 1872 1872 1870 1870 1871 1872 1873 1872 1872 1872 1872 1871 1870 1868 1869 1869 1869 1869 1869 1869 1869 1868 1868 1868 1869 1869
1951 1944 1940 1936 1929 1920 1911 1903 1892 1890 1885 1882 1881 1879 1876 1875 1875 1873 1872 1873 1873 1872 1871 1871 1874 1878 1880 1880 1879 1878 1877 1877 1873 1871 1872 1872 1872 1871 1871 1871 1872 1873 1873 1871 1869 1868 1868 1867 1867 1867 1868 1869 1869 1870 1870 1870 1872 1873 1873 1874 1873 1873 1872 1873 1873 1872 1871 1872 1873 1873 1872 1871 1871 1871 1871 1870 1870 1871 1871 1870 1869 1868 1869 1869
1953 1945 1940 1929 1919 1910 1904 1896 1889 1885 1879 1877 1878 1877 1874 1874 1875 1873 1872 1873 1873 1872 1872 1873 1876 1882 1885 1885 1887 1886 1885 1882 1879 1876 1874 1873 1872 1872 1871 1870 1872 1873 1874 1872 1869 1868 1868 1868 1868 1868 1870 1871 1874 1875 1873 1872 1874 1876 1877 1878 1877 1876 1874 1874 1874 1873 1873 1874 1874 1873 1872 1871 1872 1872 1873 1872 1871 1872 1872 1871 1869 1868 1868 1869
1947 1941 1932 1918 1907 1901 1895 1889 1887 1884 1878 1876 1875 1873 1869 1869 1871 1871 1872 1873 1873 1874 1874 1874 1881 1889 1893 1898 1901 1900 1893 1888 1885 1883 1879 1875 1874 1873 1872 1872 1873 1875 1875 1873 1870 1869 1870 1872 1873 1874 1876 1878 1878 1878 1878 1877 1878 1879 1879 1877 1878 1877 1877 1876 1876 1876 1876 1875 1874 1873 1872 1872 1872 1873 1873 1872 1871 1872 1872 1871 1870 1869 1869 1869
